12
257.000000 151.000000 1
372.000000 56.000000 2
609.000000 65.000000 3
789.000000 157.000000 4
290.000000 266.000000 5
281.000000 395.000000 6
392.000000 451.000000 7
675.000000 454.000000 8
783.000000 360.000000 9
778.000000 267.000000 10
4.000000 324.000000 11
218.000000 320.000000 12
12
268.000000 358.000000 140.000000 66.000000
284.000000 393.000000 403.000000 454.000000
265.000000 301.000000 162.000000 261.000000
300.000000 272.000000 277.000000 379.000000
402.000000 686.000000 453.000000 450.000000
691.000000 783.000000 451.000000 363.000000
781.000000 780.000000 351.000000 271.000000
780.000000 783.000000 250.000000 169.000000
782.000000 625.000000 147.000000 68.000000
580.000000 384.000000 61.000000 48.000000
298.000000 786.000000 271.000000 261.000000
20.000000 210.000000 323.000000 327.000000
2
392.000000 621.000000 173.000000 309.000000
1
36.000000 176.000000 269.000000 379.000000
1
